,order_size,num_orders,num_bays,distance,runtime
0,3,1,2,0.0,0.0006380081176757812
1,3,1,4,0.0,8.893013000488281e-05
2,3,1,6,0.0,0.06574416160583496
3,3,3,2,0.0,7.295608520507812e-05
4,3,3,4,0.0,0.006227016448974609
5,3,3,6,0.0,0.004648923873901367
6,3,5,2,0.0,5.793571472167969e-05
7,3,5,4,0.0,0.001806020736694336
8,3,5,6,0.0,0.07314491271972656
9,5,1,4,0.0,0.06596994400024414
10,5,1,6,0.0,0.0403749942779541
11,5,3,4,4.0,0.017379045486450195
12,5,3,6,6.0,0.09853315353393555
13,5,5,4,4.0,0.04234814643859863
14,5,5,6,30.0,0.6968898773193359
